4 4
0 9 0 0 0 0 0 0 0 0 0 0 0 0 0 A 
0 0 0 0 0 0 6 0 0 4 0 0 0 0 0 0 
0 0 0 0 0 0 0 0 0 0 0 0 G 6 0 0 
0 0 0 0 0 0 0 0 0 0 0 0 0 3 C 0 
0 0 0 0 0 0 0 0 0 0 0 0 0 7 0 0 
0 0 0 0 1 0 0 0 0 0 0 0 0 0 0 0 
1 0 G 0 0 0 0 0 0 0 0 0 0 0 0 0 
0 C 0 0 0 0 0 0 0 0 0 0 D 0 0 0 
0 0 0 0 0 0 0 0 0 0 0 0 0 0 0 0 
0 0 0 0 0 0 F 0 0 0 0 0 0 0 0 0 
0 0 0 0 0 0 0 0 0 0 0 0 0 0 0 0 
9 0 0 0 0 0 0 0 0 0 0 0 0 0 0 0 
0 0 0 0 0 0 0 0 0 0 0 0 0 0 0 0 
A 0 0 0 0 0 0 0 G 7 0 0 0 0 0 0 
0 0 0 0 0 0 0 0 0 0 0 0 0 0 0 0 
0 0 0 0 0 0 0 0 0 0 6 0 0 0 0 0 
